# oST version 5.0 parameters


[image]

width
1024

height
768

[narrow_stereo/left]

camera matrix
1319.571488 0.000000 508.933487
0.000000 1319.452086 378.130913
0.000000 0.000000 1.000000

distortion
-0.450749 0.279205 0.001159 0.000557 0.000000

rectification
0.999903 -0.003895 0.013345
0.003902 0.999992 -0.000465
-0.013343 0.000517 0.999911

projection
1485.570088 0.000000 493.780064 0.000000
0.000000 1485.570088 429.464314 0.000000
0.000000 0.000000 1.000000 0.000000

# oST version 5.0 parameters


[image]

width
1024

height
768

[narrow_stereo/right]

camera matrix
1320.344336 0.000000 525.570357
0.000000 1320.719286 474.417311
0.000000 0.000000 1.000000

distortion
-0.470861 0.406601 0.001411 -0.000834 0.000000

rectification
0.999775 0.002507 0.021053
-0.002518 0.999997 0.000465
-0.021052 -0.000518 0.999778

projection
1485.570088 0.000000 493.780064 -180.264030
0.000000 1485.570088 429.464314 0.000000
0.000000 0.000000 1.000000 0.000000

