Left:
('D = ', [-0.45074946594807563, 0.2792054000154593, 0.0011588873443895932, 0.000556603169795278, 0.0])
('K = ', [1319.5714876537154, 0.0, 508.9334868269988, 0.0, 1319.4520856877393, 378.13091273055926, 0.0, 0.0, 1.0])
('R = ', [0.999903363513949, -0.0038951530059952344, 0.013345089604470315, 0.0039017101263819393, 0.9999922800237299, -0.00046535043999944303, -0.013343173969530041, 0.0005173741414154072, 0.9999108420416375])
('P = ', [1485.5700879467095, 0.0, 493.7800636291504, 0.0, 0.0, 1485.5700879467095, 429.4643135070801, 0.0, 0.0, 0.0, 1.0, 0.0])

Right:
('D = ', [-0.4708610933476556, 0.40660074041909483, 0.0014106511695231604, -0.0008342835422001189, 0.0])
('K = ', [1320.3443364541458, 0.0, 525.5703568549649, 0.0, 1320.7192862989293, 474.4173109103879, 0.0, 0.0, 1.0])
('R = ', [0.999775216852106, 0.0025072722729483766, 0.021053012945271156, -0.0025176174582087927, 0.9999967227311484, 0.0004648970821296616, -0.0210517783253238, -0.0005177960140389723, 0.9997782526723759])
('P = ', [1485.5700879467095, 0.0, 493.7800636291504, -180.26402997141335, 0.0, 1485.5700879467095, 429.4643135070801, 0.0, 0.0, 0.0, 1.0, 0.0])
('self.T ', [-0.12131605981943364, -0.0003042407812491247, -0.002554642818502663])
('self.R ', [0.9999496766153403, -0.006422767109239733, -0.007706639964137137, 0.006415636360691888, 0.9999789686767796, -0.0009496389901792747, 0.007712577193372881, 0.0009001482015584141, 0.9999698524886895])
None
# oST version 5.0 parameters


[image]

width
1024

height
768

[narrow_stereo/left]

camera matrix
1319.571488 0.000000 508.933487
0.000000 1319.452086 378.130913
0.000000 0.000000 1.000000

distortion
-0.450749 0.279205 0.001159 0.000557 0.000000

rectification
0.999903 -0.003895 0.013345
0.003902 0.999992 -0.000465
-0.013343 0.000517 0.999911

projection
1485.570088 0.000000 493.780064 0.000000
0.000000 1485.570088 429.464314 0.000000
0.000000 0.000000 1.000000 0.000000

# oST version 5.0 parameters


[image]

width
1024

height
768

[narrow_stereo/right]

camera matrix
1320.344336 0.000000 525.570357
0.000000 1320.719286 474.417311
0.000000 0.000000 1.000000

distortion
-0.470861 0.406601 0.001411 -0.000834 0.000000

rectification
0.999775 0.002507 0.021053
-0.002518 0.999997 0.000465
-0.021052 -0.000518 0.999778

projection
1485.570088 0.000000 493.780064 -180.264030
0.000000 1485.570088 429.464314 0.000000
0.000000 0.000000 1.000000 0.000000


('Wrote calibration data to', '/tmp/calibrationdata.tar.gz')
('Wrote calibration data to', '/tmp/calibrationdata.tar.gz')

Left:
('D = ', [-0.45074946594807563, 0.2792054000154593, 0.0011588873443895932, 0.000556603169795278, 0.0])
('K = ', [1319.5714876537154, 0.0, 508.9334868269988, 0.0, 1319.4520856877393, 378.13091273055926, 0.0, 0.0, 1.0])
('R = ', [0.999903363513949, -0.0038951530059952344, 0.013345089604470315, 0.0039017101263819393, 0.9999922800237299, -0.00046535043999944303, -0.013343173969530041, 0.0005173741414154072, 0.9999108420416375])
('P = ', [1485.5700879467095, 0.0, 493.7800636291504, 0.0, 0.0, 1485.5700879467095, 429.4643135070801, 0.0, 0.0, 0.0, 1.0, 0.0])

Right:
('D = ', [-0.4708610933476556, 0.40660074041909483, 0.0014106511695231604, -0.0008342835422001189, 0.0])
('K = ', [1320.3443364541458, 0.0, 525.5703568549649, 0.0, 1320.7192862989293, 474.4173109103879, 0.0, 0.0, 1.0])
('R = ', [0.999775216852106, 0.0025072722729483766, 0.021053012945271156, -0.0025176174582087927, 0.9999967227311484, 0.0004648970821296616, -0.0210517783253238, -0.0005177960140389723, 0.9997782526723759])
('P = ', [1485.5700879467095, 0.0, 493.7800636291504, -180.26402997141335, 0.0, 1485.5700879467095, 429.4643135070801, 0.0, 0.0, 0.0, 1.0, 0.0])
('self.T ', [-0.12131605981943364, -0.0003042407812491247, -0.002554642818502663])
('self.R ', [0.9999496766153403, -0.006422767109239733, -0.007706639964137137, 0.006415636360691888, 0.9999789686767796, -0.0009496389901792747, 0.007712577193372881, 0.0009001482015584141, 0.9999698524886895])
# oST version 5.0 parameters


[image]

width
1024

height
768

[narrow_stereo/left]

camera matrix
1319.571488 0.000000 508.933487
0.000000 1319.452086 378.130913
0.000000 0.000000 1.000000

distortion
-0.450749 0.279205 0.001159 0.000557 0.000000

rectification
0.999903 -0.003895 0.013345
0.003902 0.999992 -0.000465
-0.013343 0.000517 0.999911

projection
1485.570088 0.000000 493.780064 0.000000
0.000000 1485.570088 429.464314 0.000000
0.000000 0.000000 1.000000 0.000000

# oST version 5.0 parameters


[image]

width
1024

height
768

[narrow_stereo/right]

camera matrix
1320.344336 0.000000 525.570357
0.000000 1320.719286 474.417311
0.000000 0.000000 1.000000

distortion
-0.470861 0.406601 0.001411 -0.000834 0.000000

rectification
0.999775 0.002507 0.021053
-0.002518 0.999997 0.000465
-0.021052 -0.000518 0.999778

projection
1485.570088 0.000000 493.780064 -180.264030
0.000000 1485.570088 429.464314 0.000000
0.000000 0.000000 1.000000 0.000000

